49--HEADER
49
2a
00
0c
00
00--HEADEREND
00
ff
ff
ff
00--IFD
10
00--T1
fe
00
04
00
01
00
00
00
00
00
00--TEND
00--T2
00
01
03
00
01
00
00
00
01
00
00--TEND
00--T3
01
01
03
00
01
00
00
00
01
00
00--TEND
00--T4
02
01
03
00
03
00
00
00
e2
00
00--TEND
00--T4
03
01
03
00
01
00
00
00
01
00
00--TEND
00--T5
06
01
03
00
01
00
00
00
02
00
00--TEND
00--T6
0d
01
02
00
46
00
00
00
e8
00
00--TEND
00--T7
11
01
04
00
01
00
00
00
08
00
00--TEND
00--T8
12
01
03
00
01
00
00
00
01
00
00--TEND
00--T9
15
01
03
00
01
00
00
00
03
00
00--TEND
00--T10
16
01
03
00
01
00
00
00
40
00
00--TEND
00--T11
17
01
04
00
01
00
00
00
03
00
00--TEND
00--T12
1a
01
05
00
01
00
00
00
d2
00
00--TEND
00--T13
1b
01
05
00
01
00
00
00
da
00
00--TEND
00--T14
1c
01
03
00
01
00
00
00
01
00
00--TEND
00--T15
28
01
03
00
01
00
00
00
02
00
00
00
00--
00
00
00
48
00
00
00
01
00
00
00
48
00
00
00
01
00
00
00
08
00
08
00
08
00
2f
68
6f
6d
65
2f
6d
75
61
7a
2f
4d
61
73
61
c3
bc
73
74
c3
bc
2f
4c
45
53
53
4f
4e
53
2f
73
63
68
6f
6f
6c
2f
73
79
73
74
65
6d
2f
32
30
31
37
2d
32
30
31
38
2f
74
69
66
66
73
2f
65
6d
70
74
79
2e
74
69
66
00